1500 1500
6 8 2 
1.0 0.0 0.0 0 1.0 1.0 1.0 10000000000 
0.0 1.0 0.0 0 1.0 1.0 1.0 10000000000
0.0 0.0 1.0 0 1.0 1.0 1.0 10000000000
1.0 1.0 1.0 0.7 1.0 1.0 1.0 100
0.1 0.89 0.35 0 1.0 1.0 1.0 100000000
0.1 0.35 0.5 1.0 0.9 0.4 1.0 20
750 750 -300 150 5 sphere 0 0 0
650 1000 -200 100 2 cube 23 17 42
1000 550 -350 100 3 sphere 0 0 0
750 750 900 900 0 cube 0 0 0 
750 180 100 1060 1 triangle 69 0 0
750 1300 0 1140 2 triangle 111 0 0 
1350 750 -100 930 3 triangle 0 70 90
150 750 -100 930 4 triangle 0 -70 270
750 350 -600 0.2 1.0 0.8
750 1350 -4000 1.0 1.0 0.4
 
